1024
1024
1024
493
486
0
1024
1024
1024
1024
489
0
486
1024
0
1024
0
1024
1024
1024
1024
1024
1024
1024
490
1024
1024
1024
0
1024
1024
0
1024
0
491
1024
491
0
1024
0
1024
491
1024
0
1024
1024
1024
492
0
0
1024
1024
0
1024
1024
1024
1024
495
0
0
485
0
490
1024
1024
1024
489
1024
0
1024
1024
1024
0
1024
491
1024
0
0
1024
1024
1024
1024
0
1024
1024
1024
1024
1024
1024
1024
0
0
492
1024
0
0
0
485
1024
1024
0
489
485
1024
0
488
489
489
493
487
1024
1024
0
491
1024
1024
0
487
492
1024
0
0
1024
491
1024
1024
487
1024
1024
1024
492
491
0
1024
1024
1024
1024
1024
1024
1024
489
1024
1024
1024
1024
1024
1024
1024
489
1024
0
0
1024
1024
1024
1024
1024
1024
1024
0
487
0
1024
488
1024
1024
1024
495
491
1024
1024
491
0
1024
1024
1024
1024
1024
0
1024
0
1024
1024
0
0
1024
1024
485
1024
0
1024
489
1024
1024
0
0
1024
1024
1024
0
494
0
1024
489
0
1024
1024
493
1024
1024
1024
491
0
1024
0
0
1024
1024
1024
489
1024
0
1024
1024
0
490
1024
1024
1024
1024
1024
1024
0
1024
1024
0
1024
1024
1024
1024
495
0
1024
1024
0
1024
1024
1024
1024
1024
1024
488
1024
1024
0
490
489
0
490
487
1024
1024
1024
0
491
1024
1024
1024
1024
0
1024
490
488
490
1024
1024
1024
1024
490
0
0
488
1024
1024
1024
1024
1024
1024
1024
483
1024
1024
1024
1024
484
1024
0
1024
1024
488
1024
1024
1024
1024
1024
1024
1024
1024
1024
1024
489
0
0
1024
1024
1024
0
0
1024
493
0
1024
1024
1024
1024
489
0
1024
1024
1024
1024
1024
488
1024
0
1024
1024
487
0
1024
488
490
0
1024
0
1024
0
1024
1024
0
1024
1024
1024
1024
1024
1024
1024
1024
0
1024
0
1024
1024
488
1024
1024
1024
1024
487
489
1024
1024
1024
1024
1024
0
1024
0
1024
0
0
1024
491
1024
1024
1024
490
488
485
488
1024
1024
1024
1024
484
1024
1024
486
1024
1024
1024
1024
1024
491
1024
490
1024
1024
1024
488
1024
1024
1024
1024
1024
1024
1024
488
1024
1024
485
0
0
0
490
492
1024
1024
1024
1024
1024
1024
1024
1024
1024
1024
1024
0
1024
1024
493
1024
488
0
0
487
485
1024
1024
0
0
1024
0
489
1024
1024
1024
489
0
489
1024
1024
1024
1024
0
485
0
1024
1024
1024
491
1024
1024
1024
489
1024
1024
0
0
492
1024
1024
0
487
0
1024
1024
0
1024
1024
0
1024
1024
1024
489
1024
1024
491
489
0
493
489
1024
1024
1024
