1024
17
0
0
895
1024
0
488
709
32
69
1017
0
0
0
1024
1024
0
0
37
1023
1012
97
0
104
0
543
0
21
1024
0
134
22
18
1023
0
24
0
981
0
0
0
1023
40
1024
74
60
0
1023
0
198
0
1005
0
0
0
0
1017
1014
497
2
58
1
3
15
71
235
55
175
5
0
10
0
0
9
993
86
171
0
0
967
321
0
66
110
164
0
1024
0
0
0
211
0
83
1022
36
1006
0
0
1
0
1024
0
528
994
972
939
47
1
0
0
3
133
0
0
0
0
0
0
1024
1
1021
6
214
0
0
968
0
0
224
0
218
983
0
0
130
934
139
0
1006
0
50
71
350
63
0
0
0
54
0
980
1021
0
1024
201
742
8
256
389
1024
0
0
117
0
1024
834
1023
0
1024
721
1
0
62
0
1024
1024
752
393
254
219
0
1024
2
225
0
0
935
10
1023
21
0
655
0
1
176
0
0
0
1
0
8
84
0
10
1024
3
1015
0
1022
0
55
1023
42
0
1024
1
0
0
10
2
1024
13
38
33
1024
259
0
1000
0
843
1003
116
1024
73
0
359
200
110
0
124
0
78
0
276
392
105
1024
1024
96
222
1
148
0
1
1024
0
1013
0
29
0
1021
0
0
0
0
1024
0
0
0
0
513
0
887
0
1
0
849
1022
186
0
0
1011
0
26
0
940
1024
1
0
0
883
228
141
168
11
0
0
1
0
18
74
774
0
4
0
512
1024
4
0
965
0
0
10
196
362
216
132
162
6
630
55
1024
1024
1
34
67
0
0
199
0
841
0
1
44
0
1024
0
1019
1024
1024
1023
191
540
1020
95
0
0
24
23
1
0
1021
0
44
218
1024
1020
0
3
0
27
45
1024
0
0
93
19
102
0
1
1
201
902
1010
0
58
1
71
0
26
1020
17
0
1
315
0
0
0
0
1001
4
0
40
1024
38
1024
1021
1
1
48
1013
0
420
234
