1024
1024
963
1024
1024
1013
1024
1022
1024
1024
1
0
1024
78
0
1024
1024
78
32
1024
1024
1024
1024
1024
1024
1024
0
1024
1024
1024
1024
655
1024
0
0
1024
1024
1024
1024
1024
1024
1024
1024
0
1024
1024
1024
0
1024
1019
1024
1024
811
0
1024
1024
1024
491
1024
1024
1024
23
1024
491
1022
35
1019
963
1024
0
3
1024
1024
1019
1024
1024
1024
1024
1024
0
35
1024
1
1024
1024
1024
1024
1024
1024
1024
1024
1024
1024
1024
1024
1024
1024
1024
1024
0
1024
1024
1024
1024
1024
1024
0
1024
1024
1024
322
1024
1024
1024
1024
1024
1024
170
0
1024
1024
1024
1024
1024
895
1024
1024
1024
1024
1024
1024
0
1022
1024
1013
1024
898
1024
1024
1024
1024
1024
1024
321
1024
1024
0
810
1024
79
1024
1024
962
1024
1024
0
1024
0
1024
0
1024
1024
1024
1024
0
0
0
1024
1024
1024
1024
1024
656
1019
1024
0
1024
1024
1024
1024
1024
1024
488
1024
1024
1024
1024
1024
0
1024
173
0
1024
0
1024
1024
1024
1024
1024
1013
1024
1024
76
1024
1024
1024
1024
1024
1024
1024
1024
1024
1024
1024
1024
22
1024
0
1024
0
1024
0
964
1024
1024
1024
1024
1024
1024
1024
0
1024
1024
1024
814
1024
20
1024
1024
1024
0
4
1024
1022
1024
1024
0
990
1024
1024
1024
1024
1024
1022
1024
1022
0
5
0
79
1024
1024
1024
0
1024
1024
0
1024
1024
1024
1024
1024
0
1024
1024
0
1024
1024
1024
1024
0
1024
1024
1
1024
656
1024
319
1024
1024
1024
1024
1024
1024
1024
1024
319
1024
1024
1024
1024
1024
1024
1024
1024
1024
1024
1024
1024
1024
1024
1024
1024
1024
1024
0
1024
1013
0
1024
1024
1024
1019
1024
1024
1024
1024
35
898
1022
897
0
0
1024
36
1024
1024
1024
1024
1024
36
1024
1024
1024
1024
1024
1024
1024
0
1024
655
1024
1024
1024
1024
1024
0
1024
1024
1024
1024
177
1024
1024
1024
1024
1013
0
1024
1024
1024
1024
1024
990
1024
1024
177
75
1013
1024
1024
1024
1024
0
1024
0
1024
1024
0
0
0
1024
963
1024
0
0
1024
1024
1024
1024
1024
1024
898
1024
1024
653
0
1024
1024
1024
1024
1024
0
6
1024
1024
1024
1024
1024
1024
0
990
1024
1024
1024
1024
1024
1024
1024
1024
657
1024
0
0
1024
0
1024
965
1024
990
0
990
0
1024
1024
1024
1024
1024
813
0
1024
1024
1024
1024
1024
1024
1024
1024
1024
1024
1024
1024
1024
80
0
1024
1024
1024
1024
1024
1024
1024
1024
0
1024
1024
0
1024
897
0
487
1024
1024
1024
1024
1024
1024
0
1024
0
1024
1024
1024
0
1024
1024
1024
1024
0
1024
1024
3
1024
1
1024
1024
1024
1024
1024
1024
1024
0
318
0
897
1024
1024
813
1024
1024
1024
0
33
1024
1024
1024
22
1024
0
1024
1024
1019
1024
1024
1024
1024
1024
0
1024
1024
1024
0
1024
1024
1024
1024
1024
1024
1024
0
1024
1024
1024
654
0
1024
1024
322
1024
962
0
1024
1024
1024
1024
1024
1024
1024
1024
1013
3
811
1024
1024
1
1024
1024
0
488
0
1024
1024
1024
1024
1024
1024
1024
22
1024
1024
22
1024
1024
990
1024
1024
1024
1024
5
176
1024
1024
990
1024
1024
0
1024
1024
1024
1024
1024
1024
1024
1024
1024
0
1024
1024
1024
0
1024
1024
1024
1024
1024
1024
1024
1024
1024
811
0
1024
1024
0
0
1024
1024
0
1024
1024
0
1024
1024
0
1024
1024
1024
1024
1024
1024
1024
1024
1024
1024
1024
1024
168
1024
1024
1024
1024
1024
1024
1024
0
1019
1024
1024
1024
1024
0
1024
177
1024
1024
1024
1024
1024
1024
1024
1024
1024
1024
1024
1024
1024
1024
1024
0
21
1024
1024
1024
493
1024
1024
1024
1024
1024
1024
1024
1024
1024
0
1024
494
323
