1024
1024
1024
1024
1024
0
300
37
1024
1024
1024
1024
1023
1024
1024
0
0
96
0
1024
1024
1024
1024
696
0
1024
0
0
1024
1024
691
1012
1024
1023
1024
1024
1024
235
631
1024
1024
1024
0
1024
405
1012
148
592
1017
1023
502
1024
1024
1024
1024
1024
1024
667
260
1024
1024
1024
1024
1024
1024
1024
0
0
489
574
1024
690
1024
1019
1024
1024
896
0
671
1024
0
0
0
1023
1024
1024
494
1023
1022
0
909
637
1024
159
982
1024
1024
1024
34
0
1024
1024
1024
1024
629
1024
1024
1015
1012
1024
1024
181
10
1024
1024
153
0
51
1024
519
1024
1011
1024
1024
1024
1024
554
1024
0
1024
1024
1023
0
1024
0
273
1024
0
662
1024
1024
562
1004
1024
1024
889
1024
1024
1024
1024
1024
990
1016
1023
0
961
500
1024
1013
0
0
1024
1022
999
616
1024
1024
1024
8
943
3
1015
1024
1024
1024
0
1023
1019
131
1024
289
1024
1024
1024
0
667
4
1024
1024
1024
1024
451
0
1024
33
37
0
4
0
1024
1024
1022
1024
1024
734
1024
1024
569
668
0
1024
0
0
990
1024
1024
1024
1024
334
1024
0
0
1024
1024
1024
1023
1024
1023
0
1024
1024
1023
1023
1024
0
1024
783
1024
511
1024
1024
1023
0
1024
0
1024
1024
1024
1024
1024
874
952
1024
1024
1024
1024
825
1024
1
1024
0
922
1023
1024
1024
1024
1024
626
1024
1024
1024
1024
0
0
1024
371
204
1018
1024
564
1023
0
1021
1024
1024
1024
1024
1024
1024
968
1024
1024
1024
1024
1024
1024
959
14
112
1024
995
1024
1024
1024
466
1024
2
975
74
1024
78
1024
1024
164
96
665
1024
1024
324
1024
1022
1023
1024
10
1024
667
1024
1024
3
1024
681
1024
1024
1024
0
1001
330
1024
16
16
1024
1024
0
1024
1024
1024
1024
675
3
1024
700
544
1024
652
4
247
1024
808
10
2
1023
0
1024
1024
1024
308
38
1024
1024
679
1024
13
539
22
1024
1024
0
73
7
986
473
1024
76
1024
1024
1024
1024
1024
1024
1024
0
1024
1024
1024
461
1024
619
0
1024
0
2
1024
0
577
991
0
1024
360
1024
56
1024
798
1024
1
1024
1024
0
1024
1024
389
0
0
0
0
1023
0
1023
676
0
1024
1024
944
314
1024
601
1024
1024
1024
1024
0
422
0
585
1024
1024
644
1024
1024
659
1024
1024
935
897
0
1013
1024
1023
0
0
640
0
662
1024
1024
1024
1024
1023
1024
1024
650
1012
283
0
77
1024
1024
1024
1024
1024
1024
64
879
1024
0
1024
1024
1024
1023
1024
1024
1024
808
1024
0
1024
685
1024
1024
1024
1024
1024
1022
657
1024
1023
1024
1023
1024
1024
1024
1024
1024
1024
686
1024
1024
173
248
477
0
1009
1018
1024
982
430
1021
1023
1024
1024
0
1024
1024
0
897
0
1024
17
143
1024
1024
1023
1023
438
0
1016
1024
1024
1024
2
1024
779
500
0
0
1024
0
606
0
1024
1024
1018
223
533
1004
994
0
1024
180
1024
644
962
1024
0
319
603
1024
1024
0
0
0
1024
1024
1024
1019
1024
684
1024
1024
1024
412
346
1024
4
1010
1024
1024
1024
40
1024
686
1024
855
14
1024
1023
0
