1024
1024
1024
0
908
1023
1
1024
926
1024
1024
1024
1024
1024
1024
1024
1024
1024
1024
1024
1024
1024
1024
0
1024
0
631
0
1024
1024
0
1024
44
1024
1024
0
1024
1024
1024
1024
1024
0
1024
1024
1024
1024
1024
0
1024
1024
321
1024
1024
1024
1024
1024
1024
1024
1014
653
3
80
1024
4
1024
1024
1024
1024
1024
10
1024
1024
1024
1024
1024
990
1024
1024
1024
0
1019
512
1024
1024
176
1024
0
1023
1024
0
0
1024
1024
1024
1024
1024
1024
1024
1024
1024
1024
1024
1024
1024
996
1024
1015
1024
1024
0
0
1024
1024
1024
1024
0
1024
1024
1024
1024
0
1024
7
1024
1024
0
982
1024
0
1024
1024
1024
1022
1024
1024
1024
947
1024
1024
1005
1024
1024
1024
491
1024
1024
1024
0
1024
1024
1023
1024
1024
1024
1024
1020
1024
1024
1024
1024
1024
1024
1024
0
1024
964
1024
1024
1024
718
1024
1024
1024
0
1024
1024
897
1024
1024
1024
1024
1024
1024
1024
0
0
1013
1024
1023
1024
1024
732
0
1024
1024
1024
1024
1024
1024
1024
1024
152
0
1024
1024
3
1024
1024
1022
0
1024
1022
1024
1024
1024
1024
1024
0
23
1024
1023
21
1024
1024
1024
366
0
1024
1024
876
1024
1024
1024
1024
0
1024
1024
1024
0
108
1024
1024
1024
1024
1024
1024
1024
1024
143
1024
1024
219
1024
0
1024
1024
1012
1024
35
1024
1024
1024
1024
0
1024
1024
0
1024
0
0
762
1024
990
1024
1024
0
994
1024
1024
0
0
1024
1024
1024
0
963
1024
1024
0
0
1024
1024
1024
301
1024
0
1024
1024
1024
1024
1024
813
1024
1024
0
1024
1024
1024
0
972
1024
0
16
1024
1023
1024
1024
1024
11
813
1024
1024
1024
1024
74
1024
1024
1
1024
1024
840
0
1024
1024
1024
1024
1024
1017
1024
1024
1024
1024
516
1024
1024
1024
0
31
35
1024
0
1024
1024
1024
1024
1024
1019
1024
1024
1024
1024
84
1024
1024
0
1024
1024
1024
1024
1024
1024
1024
935
1010
1024
1024
1024
1024
1024
1024
1024
1024
0
1024
300
1024
0
0
1024
1018
4
1024
1024
1024
1024
1024
1024
2
1024
1024
1024
1024
498
1024
