0
0
43
1023
618
1004
108
926
0
930
1024
0
982
0
373
332
19
0
1024
1024
182
349
284
1024
36
0
0
871
64
0
1024
1024
1024
1024
1017
1024
0
982
0
916
1001
525
1020
0
52
770
1024
0
71
681
1021
1019
1024
0
1007
398
593
59
875
470
0
1024
31
13
1024
0
1024
0
461
1024
715
1021
747
688
1024
78
0
1016
461
891
952
965
479
393
1023
887
0
661
233
968
0
0
159
568
0
174
0
1024
1024
0
1018
1024
255
36
7
888
125
937
441
1024
421
1002
447
531
603
0
199
273
668
151
47
1024
585
18
22
909
30
373
949
134
736
1024
985
0
915
627
968
500
816
244
610
893
1024
742
848
1016
1023
190
447
0
447
1024
0
1024
28
1024
23
1016
185
0
1024
151
568
1024
913
95
0
657
0
881
0
332
487
471
282
413
410
1021
163
0
1024
27
1021
1024
10
0
1024
535
1014
47
0
829
994
959
551
699
1024
1024
1024
1023
1024
0
340
1024
993
434
703
920
1024
0
0
942
1024
825
170
150
87
1024
1024
1020
0
0
0
1024
962
1022
1024
677
942
28
897
784
381
1024
962
943
0
636
370
999
0
173
469
1024
7
690
0
114
1024
1024
1024
1024
0
0
112
333
0
72
1024
466
975
654
482
96
34
770
367
257
1017
152
425
1018
0
8
1015
1020
816
7
1022
0
404
1024
1024
464
0
753
1007
0
0
0
988
0
474
491
0
4
414
0
0
485
935
951
1024
1023
1024
69
542
381
1011
639
19
1024
23
0
473
1024
878
0
403
859
0
680
784
989
469
1024
203
1023
315
163
1024
0
362
463
0
920
0
0
0
0
487
7
1024
38
724
1024
0
962
854
197
973
19
1024
1024
1024
422
1002
1024
8
559
0
1021
796
990
371
267
1024
1024
7
316
0
507
1024
269
765
465
1024
866
9
751
1024
1024
977
0
1012
294
7
1024
854
0
1024
0
975
0
1024
206
1011
1011
790
127
0
0
1024
1024
298
512
1024
0
70
275
1023
1024
404
0
17
835
1024
13
925
1024
287
582
138
709
1023
989
0
478
0
361
799
1009
1024
494
804
0
1004
0
7
339
0
21
220
227
836
18
956
211
903
1023
728
0
1024
0
0
513
624
1024
1024
0
0
0
0
318
995
0
119
553
243
30
0
1022
1024
8
0
0
0
138
907
0
0
432
1024
0
0
430
934
28
0
217
0
1024
1012
0
641
850
124
744
191
992
1024
221
57
305
436
